Bruker BioSpin GmbH: the minispec
DataType=5
DataLimits=0.03794,7.02394,500
DataUnit=Time/ms,Intensity/%
c:\nmr relaxation\applications\fid.app
28.03.2019 15:55:20

0.03794	98.12870126
0.05194	97.71537824
0.06594	97.33655399
0.07994	96.93033682
0.09394	96.29436173
0.10794	96.16649644
0.12194	95.47549386
0.13594	94.87430913
0.14994	94.38083862
0.16394	93.59910891
0.17794	92.57003505
0.19194	91.665541
0.20594	90.86555893
0.21994	90.03533518
0.23394	89.21626908
0.24794	88.25184651
0.26194	86.87277732
0.27594	85.77091659
0.28994	84.83568852
0.30394	83.69020269
0.31794	82.37515301
0.33194	81.11961613
0.34594	79.98654027
0.35994	78.55681979
0.37394	77.48139342
0.38794	76.18647652
0.40194	74.71244513
0.41594	73.40422529
0.42994	72.05407431
0.44394	70.87736981
0.45794	69.43957503
0.47194	68.23493633
0.48594	66.68445155
0.49994	65.44561533
0.51394	63.97435402
0.52794	62.93027026
0.54194	61.50357559
0.55594	60.23273649
0.56994	59.06416942
0.58394	57.73590487
0.59794	56.39341359
0.61194	55.39252333
0.62594	54.10270602
0.63994	52.83306568
0.65394	51.83128179
0.66794	50.65513658
0.68194	49.47243821
0.69594	48.43301081
0.70994	47.56953062
0.72394	46.3465301
0.73794	45.34930035
0.75194	44.26089512
0.76594	43.33140494
0.77994	42.36961501
0.79394	41.4993941
0.80794	40.80302559
0.82194	39.92895036
0.83594	39.12507085
0.84994	38.19903832
0.86394	37.29298335
0.87794	36.44398824
0.89194	35.7275306
0.90594	34.94092497
0.91994	34.10088316
0.93394	33.14783326
0.94794	32.60944765
0.96194	31.86742078
0.97594	31.08991367
0.98994	30.47698294
1.00394	29.7541338
1.01794	29.05244055
1.03194	28.31220392
1.04594	27.69019724
1.05994	26.83009535
1.07394	26.17085028
1.08794	25.62520589
1.10194	25.15884793
1.11594	24.25980407
1.12994	23.55652818
1.14394	23.04641018
1.15794	22.28173009
1.17194	21.59885933
1.18594	21.06825489
1.19994	20.40172836
1.21394	19.82235221
1.22794	19.17575323
1.24194	18.55936315
1.25594	17.87006931
1.26994	17.49211991
1.28394	16.9923016
1.29794	16.25368648
1.31194	15.78162854
1.32594	15.18024223
1.33994	14.4606964
1.35394	14.05246693
1.36794	13.56736208
1.38194	12.94475528
1.39594	12.35385359
1.40994	12.06766845
1.42394	11.67318037
1.43794	10.99779868
1.45194	10.68138121
1.46594	10.31511197
1.47994	9.714781714
1.49394	9.27787401
1.50794	9.18092245
1.52194	8.807541469
1.53594	8.238347777
1.54994	7.894355988
1.56394	7.627339654
1.57794	7.52897511
1.59194	7.077469094
1.60594	6.794561875
1.61994	6.55849301
1.63394	6.3605609
1.64794	6.2937846
1.66194	5.929189975
1.67594	5.893781874
1.68994	5.666392915
1.70394	5.508380257
1.71794	5.400857062
1.73194	5.015387921
1.74594	5.129658495
1.75994	4.641218215
1.77394	4.69506327
1.78794	4.53516081
1.80194	4.555103753
1.81594	4.344911872
1.82994	4.172895602
1.84394	4.08544892
1.85794	4.105833339
1.87194	3.951896407
1.88594	3.914294543
1.89994	3.837985784
1.91394	3.737779705
1.92794	3.692595166
1.94194	3.652406323
1.95594	3.519534696
1.96994	3.370317265
1.98394	3.373147087
1.99794	3.214736456
2.01194	3.122900093
2.02594	2.874725441
2.03994	3.084279053
2.05394	2.81434822
2.06794	2.760759093
2.08194	2.703904378
2.09594	2.696948205
2.10994	2.389796043
2.12394	2.380921073
2.13794	2.326191591
2.15194	2.161413589
2.16594	2.329265854
2.17994	2.135879815
2.19394	1.902255638
2.20794	1.958784335
2.22194	1.849000654
2.23594	1.957413863
2.24994	1.646496491
2.26394	1.711667781
2.27794	1.679309524
2.29194	1.510295101
2.30594	1.316418263
2.31994	1.465201465
2.33394	1.426430463
2.34794	1.223197049
2.36194	1.079464523
2.37594	1.036053892
2.38994	0.8848679332
2.40394	0.9084774231
2.41794	1.04892462
2.43194	0.659792727
2.44594	0.7215280441
2.45994	0.6451694659
2.47394	0.5134016127
2.48794	0.7863854549
2.50194	0.4816381666
2.51594	0.5721794634
2.52994	0.3727554951
2.54394	0.3285378278
2.55794	0.2316686931
2.57194	0.09768009768
2.58594	0.1544457954
2.59994	0.124518181
2.61394	0.1381405189
2.62794	0.2100689931
2.64194	0.4144215567
2.65594	0.2442002442
2.66994	0.6105006105
2.68394	0.4797773554
2.69794	0.5700912103
2.71194	0.6240259995
2.72594	0.580457354
2.73994	0.5487717962
2.75394	0.7722289768
2.76794	0.8955858765
2.78194	0.9676001346
2.79594	0.9576884762
2.80994	0.9432580179
2.82394	1.097000119
2.83794	1.301841557
2.85194	1.228062609
2.86594	1.181535571
2.87994	1.413200127
2.89394	1.197577517
2.90794	1.245421245
2.92194	1.311653138
2.93594	1.324322038
2.94994	1.675220795
2.96394	1.600769389
2.97794	1.605233546
2.99194	1.605419283
3.00594	1.532830752
3.01994	1.882877316
3.03394	1.582786855
3.04794	1.85109584
3.06194	1.956804457
3.07594	1.703810847
3.08994	1.828732134
3.10394	1.842538986
3.11794	1.816954846
3.13194	1.720528933
3.14594	1.838488911
3.15994	1.823016567
3.17394	1.796158784
3.18794	1.819742469
3.20194	2.132386959
3.21594	1.920507227
3.22994	2.05491277
3.24394	1.884143755
3.25794	1.93427559
3.27194	1.819742469
3.28594	2.180094175
3.29994	1.773438599
3.31394	1.777804613
3.32794	1.987795988
3.34194	1.857367216
3.35594	1.955127609
3.36994	1.964711999
3.38394	1.720008953
3.39794	1.893142607
3.41194	1.863777475
3.42594	1.809390335
3.43994	1.792170269
3.45394	1.752976787
3.46794	1.661279741
3.48194	1.732273294
3.49594	1.691340129
3.50994	1.763998174
3.52394	1.822525827
3.53794	1.754337002
3.55194	1.684096669
3.56594	1.623518451
3.57994	1.654265158
3.59394	1.526593368
3.60794	1.469265832
3.62194	1.686219927
3.63594	1.515812899
3.64994	1.650836999
3.66394	1.416571918
3.67794	1.346648662
3.69194	1.367521368
3.70594	1.594049711
3.71994	1.371005504
3.73394	1.485412095
3.74794	1.302528484
3.76194	1.397286398
3.77594	1.312789261
3.78994	1.4197257
3.80394	1.184559984
3.81794	1.351952189
3.83194	1.261596225
3.84594	1.181535571
3.85994	1.103233895
3.87394	1.174702171
3.88794	0.9298868261
3.90194	1.208236081
3.91594	1.103233895
3.92994	1.011885194
3.94394	0.9501868844
3.95794	1.025931699
3.97194	0.7863854549
3.98594	0.8190725192
3.99994	0.9856134833
4.01394	0.7585946064
4.02794	0.6915654339
4.04194	0.8161550655
4.05594	0.8062307213
4.06994	0.6409965689
4.08394	0.8985772646
4.09794	0.8295622833
4.11194	0.7427060477
4.12594	0.7443101663
4.13994	0.6642964839
4.15394	0.4884004884
4.16794	0.6451694659
4.18194	0.3822338423
4.19594	0.4562037043
4.20994	0.4810186961
4.22394	0.3453512973
4.23794	0.3719547304
4.25194	0.7119599383
4.26594	0.4884004884
4.27994	0.4646226518
4.29394	0.4697285485
4.30794	0.406430207
4.32194	0.3211952732
4.33594	0.3822338423
4.34994	0.3937610622
4.36394	0.3174603175
4.37794	0.4027453603
4.39194	0.4690933507
4.40594	0.2730241731
4.41994	0.305982029
4.43394	0.5010570092
4.44794	0.1221001221
4.46194	0.3174603175
4.47594	0.2970824191
4.48994	0.3937610622
4.50394	0.3555609226
4.51794	0.2730241731
4.53194	0.305982029
4.54594	0.3258037622
4.55994	0.2454182081
4.57394	0.3822338423
4.58794	0.3914827727
4.60194	0.2630117122
4.61594	0.2454182081
4.62994	0.2630117122
4.64394	0.293040293
4.65794	0.2686202686
4.67194	0.3453512973
4.68594	0.1006863401
4.69994	0.3401315819
4.71394	0.2940560337
4.72794	0.440238251
4.74194	0.3727554951
4.75594	0.3127289005
4.76994	0.409354203
4.78394	0.2784311172
4.79794	0.3108161676
4.81194	0.2013726801
4.82594	0.2251415008
4.83994	0.1907264878
4.85394	0.1423919877
4.86794	0.4422654524
4.88194	0.3975291965
4.89594	0.1968805311
4.90994	0.5271558766
4.92394	0.2940560337
4.93794	0.5099050798
4.95194	0.342751376
4.96594	0.2940560337
4.97994	0.3285378278
4.99394	0.1907264878
5.00794	0.1485412095
5.02194	0.5034317003
5.03594	0.3108161676
5.04994	0.440238251
5.06394	0.5460483462
5.07794	0.6105006105
5.09194	0.4158580309
5.10594	0.3174603175
5.11994	0.4489566865
5.13394	0.4697285485
5.14794	0.332148242
5.16194	0.6124510967
5.17594	0.4633373861
5.18994	0.5134016127
5.20394	0.5568622345
5.21794	0.3975291965
5.23194	0.6811392274
5.24594	0.7260595237
5.25994	0.5134016127
5.27394	0.6633981786
5.28794	0.4908364162
5.30194	0.6907025946
5.31594	0.5394559715
5.32994	0.4327239352
5.34394	0.5134016127
5.35794	0.7585946064
5.37194	0.5621911811
5.38594	0.5260234244
5.39994	0.8032666278
5.41394	0.6353900772
5.42794	0.5034317003
5.44194	0.7346329161
5.45594	0.6502333067
5.46994	0.7427060477
5.48394	0.6349206349
5.49794	0.8088153925
5.51194	0.659792727
5.52594	0.688107585
5.53994	0.8602644666
5.55394	0.6736563724
5.56794	0.5422125351
5.58194	0.9143660672
5.59594	0.6409965689
5.60994	0.6391332028
5.62394	0.5355729475
5.63794	0.7475080764
5.65194	0.659792727
5.66594	0.854351926
5.67994	0.70986285
5.69394	0.8743596479
5.70794	0.7863854549
5.72194	0.678507643
5.73594	0.7756962234
5.74994	0.7248264752
5.76394	0.7231791402
5.77794	0.6754245024
5.79194	0.8845309048
5.80594	0.7760805168
5.81994	1.013063175
5.83394	1.02709357
5.84794	0.8588769424
5.86194	0.8335066259
5.87594	0.8032666278
5.88994	0.8560951474
5.90394	0.7285193597
5.91794	0.8578348264
5.93194	0.9153438249
5.94594	0.8032666278
5.95994	0.8875595529
5.97394	0.7909223317
5.98794	0.7818222512
6.00194	0.9065060412
6.01594	0.8073394508
6.02994	0.8073394508
6.04394	0.9061770606
6.05794	0.9635858196
6.07194	0.939457097
6.08594	0.7585946064
6.09994	0.9117535874
6.11394	0.8955858765
6.12794	1.025059432
6.14194	0.8494518745
6.15594	0.8529547837
6.16994	0.8032666278
6.18394	0.718214465
6.19794	1.038927833
6.21194	0.8804765019
6.22594	0.9595547108
6.23994	0.7722289768
6.25394	0.8889023064
6.26794	0.8985772646
6.28194	0.7863854549
6.29594	0.8190725192
6.30994	0.8352933517
6.32394	0.797305383
6.33794	0.8132271456
6.35194	0.9768009768
6.36594	0.8317160618
6.37994	0.8808150817
6.39394	0.8117592253
6.40794	0.8476949918
6.42194	0.7443101663
6.43594	0.9844026555
6.44994	0.6705509264
6.46394	0.9153438249
6.47794	0.882168101
6.49194	0.9498730324
6.50594	0.70986285
6.51994	0.752279453
6.53394	1.006863401
6.54794	0.9117535874
6.56194	0.718214465
6.57594	0.7756962234
6.58994	0.8187084061
6.60394	0.7890351366
6.61794	0.7756962234
6.63194	0.8848679332
6.64594	0.6447071444
6.65994	0.6105006105
6.67394	0.6465544466
6.68794	0.8117592253
6.70194	0.7119599383
6.71594	0.69928308
6.72994	0.8054907205
6.74394	0.6278368807
6.75794	0.6575292805
6.77194	0.8117592253
6.78594	0.6907025946
6.79994	0.7148855271
6.81394	0.7346329161
6.82794	0.5271558766
6.84194	0.8058608059
6.85594	0.7605573383
6.86994	0.6465544466
6.88394	0.4890106079
6.89794	0.6225909052
6.91194	0.7632966842
6.92594	0.6124510967
6.93994	0.8091839573
6.95394	0.6353900772
6.96794	0.7909223317
6.98194	0.5099050798
6.99594	0.8117592253
7.00994	0.6339807075
7.02394	0.4562037043
