Bruker BioSpin GmbH: the minispec
DataType=5
DataLimits=14.21,7268.37,512
DataUnit=ms,%
c:\nmr relaxation\applications\t2_cpmg.app
28.03.2019 15:20:55

14.20998	53.28449328
28.40598	52.67399267
42.60198	51.84371184
56.79798	51.11111111
70.99398	50.37851038
85.18998	49.64590965
99.38598	49.01098901
113.58198	48.22954823
127.77798	47.57020757
141.97398	46.93528694
156.16998	46.22710623
170.36598	45.54334554
184.56198	44.90842491
198.75798	44.24908425
212.95398	43.58974359
227.14998	42.93040293
241.34598	42.36874237
255.54198	41.78266178
269.73798	41.17216117
283.93398	40.56166056
298.12998	39.97557998
312.32598	39.41391941
326.52198	38.82783883
340.71798	38.24175824
354.91398	37.65567766
369.10998	37.14285714
383.30598	36.63003663
397.50198	36.06837607
411.69798	35.55555556
425.89398	35.01831502
440.08998	34.57875458
454.28598	34.06593407
468.48198	33.6019536
482.67798	33.11355311
496.87398	32.6007326
511.06998	32.11233211
525.26598	31.67277167
539.46198	31.18437118
553.65798	30.74481074
567.85398	30.30525031
582.04998	29.86568987
596.24598	29.37728938
610.44198	28.96214896
624.63798	28.54700855
638.83398	28.13186813
653.02998	27.71672772
667.22598	27.3015873
681.42198	26.88644689
695.61798	26.4957265
709.81398	26.08058608
724.00998	25.71428571
738.20598	25.32356532
752.40198	24.93284493
766.59798	24.56654457
780.79398	24.2002442
794.98998	23.88278388
809.18598	23.51648352
823.38198	23.17460317
837.57798	22.83272283
851.77398	22.49084249
865.96998	22.1978022
880.16598	21.85592186
894.36198	21.53846154
908.55798	21.22100122
922.75398	20.92796093
936.94998	20.61050061
951.14598	20.26862027
965.34198	19.97557998
979.53798	19.70695971
993.73398	19.41391941
1007.92998	19.14529915
1022.12598	18.85225885
1036.32198	18.55921856
1050.51798	18.29059829
1064.71398	18.02197802
1078.90998	17.72893773
1093.10598	17.48473748
1107.30198	17.21611722
1121.49798	16.996337
1135.69398	16.72771673
1149.88998	16.48351648
1164.08598	16.23931624
1178.28198	15.995116
1192.47798	15.75091575
1206.67398	15.50671551
1220.86998	15.28693529
1235.06598	15.01831502
1249.26198	14.82295482
1263.45798	14.62759463
1277.65398	14.40781441
1291.84998	14.13919414
1306.04598	13.96825397
1320.24198	13.77289377
1334.43798	13.55311355
1348.63398	13.33333333
1362.82998	13.13797314
1377.02598	12.96703297
1391.22198	12.74725275
1405.41798	12.55189255
1419.61398	12.38095238
1433.80998	12.21001221
1448.00598	12.03907204
1462.20198	11.84371184
1476.39798	11.67277167
1490.59398	11.47741148
1504.78998	11.33089133
1518.98598	11.15995116
1533.18198	10.98901099
1547.37798	10.81807082
1561.57398	10.67155067
1575.76998	10.47619048
1589.96598	10.32967033
1604.16198	10.20757021
1618.35798	10.06105006
1632.55398	9.89010989
1646.74998	9.768009768
1660.94598	9.645909646
1675.14198	9.450549451
1689.33798	9.27960928
1703.53398	9.181929182
1717.72998	8.986568987
1731.92598	8.913308913
1746.12198	8.766788767
1760.31798	8.644688645
1774.51398	8.522588523
1788.70998	8.4004884
1802.90598	8.253968254
1817.10198	8.156288156
1831.29798	8.058608059
1845.49398	7.912087912
1859.68998	7.814407814
1873.88598	7.692307692
1888.08198	7.57020757
1902.27798	7.448107448
1916.47398	7.326007326
1930.66998	7.277167277
1944.86598	7.155067155
1959.06198	7.081807082
1973.25798	6.935286935
1987.45398	6.837606838
2001.64998	6.715506716
2015.84598	6.691086691
2030.04198	6.52014652
2044.23798	6.446886447
2058.43398	6.373626374
2072.62998	6.227106227
2086.82598	6.153846154
2101.02198	6.080586081
2115.21798	5.982905983
2129.41398	5.934065934
2143.60998	5.811965812
2157.80598	5.763125763
2172.00198	5.641025641
2186.19798	5.592185592
2200.39398	5.47008547
2214.58998	5.421245421
2228.78598	5.347985348
2242.98198	5.25030525
2257.17798	5.177045177
2271.37398	5.079365079
2285.56998	5.030525031
2299.76598	4.957264957
2313.96198	4.884004884
2328.15798	4.810744811
2342.35398	4.713064713
2356.54998	4.688644689
2370.74598	4.615384615
2384.94198	4.566544567
2399.13798	4.493284493
2413.33398	4.42002442
2427.52998	4.346764347
2441.72598	4.322344322
2455.92198	4.224664225
2470.11798	4.126984127
2484.31398	4.078144078
2498.50998	4.029304029
2512.70598	3.956043956
2526.90198	3.931623932
2541.09798	3.882783883
2555.29398	3.80952381
2569.48998	3.785103785
2583.68598	3.711843712
2597.88198	3.663003663
2612.07798	3.614163614
2626.27398	3.540903541
2640.46998	3.492063492
2654.66598	3.443223443
2668.86198	3.394383394
2683.05798	3.345543346
2697.25398	3.272283272
2711.44998	3.247863248
2725.64598	3.223443223
2739.84198	3.15018315
2754.03798	3.101343101
2768.23398	3.076923077
2782.42998	3.052503053
2796.62598	2.979242979
2810.82198	2.93040293
2825.01798	2.93040293
2839.21398	2.857142857
2853.40998	2.832722833
2867.60598	2.808302808
2881.80198	2.735042735
2895.99798	2.710622711
2910.19398	2.661782662
2924.38998	2.612942613
2938.58598	2.612942613
2952.78198	2.564102564
2966.97798	2.490842491
2981.17398	2.490842491
2995.36998	2.442002442
3009.56598	2.442002442
3023.76198	2.393162393
3037.95798	2.344322344
3052.15398	2.295482295
3066.34998	2.295482295
3080.54598	2.246642247
3094.74198	2.222222222
3108.93798	2.197802198
3123.13398	2.173382173
3137.32998	2.124542125
3151.52598	2.1001221
3165.72198	2.051282051
3179.91798	2.026862027
3194.11398	2.002442002
3208.30998	1.953601954
3222.50598	1.953601954
3236.70198	1.929181929
3250.89798	1.904761905
3265.09398	1.88034188
3279.28998	1.88034188
3293.48598	1.807081807
3307.68198	1.807081807
3321.87798	1.758241758
3336.07398	1.709401709
3350.26998	1.758241758
3364.46598	1.709401709
3378.66198	1.660561661
3392.85798	1.636141636
3407.05398	1.611721612
3421.24998	1.611721612
3435.44598	1.611721612
3449.64198	1.562881563
3463.83798	1.538461538
3478.03398	1.514041514
3492.22998	1.465201465
3506.42598	1.48962149
3520.62198	1.465201465
3534.81798	1.440781441
3549.01398	1.416361416
3563.20998	1.416361416
3577.40598	1.391941392
3591.60198	1.367521368
3605.79798	1.367521368
3619.99398	1.318681319
3634.18998	1.343101343
3648.38598	1.26984127
3662.58198	1.245421245
3676.77798	1.294261294
3690.97398	1.245421245
3705.16998	1.245421245
3719.36598	1.221001221
3733.56198	1.196581197
3747.75798	1.196581197
3761.95398	1.172161172
3776.14998	1.172161172
3790.34598	1.123321123
3804.54198	1.147741148
3818.73798	1.098901099
3832.93398	1.098901099
3847.12998	1.098901099
3861.32598	1.074481074
3875.52198	1.05006105
3889.71798	1.05006105
3903.91398	1.001221001
3918.10998	1.025641026
3932.30598	1.025641026
3946.50198	0.9768009768
3960.69798	0.9523809524
3974.89398	0.9523809524
3989.08998	0.9523809524
4003.28598	0.927960928
4017.48198	0.9035409035
4031.67798	0.9035409035
4045.87398	0.927960928
4060.06998	0.8791208791
4074.26598	0.927960928
4088.46198	0.8547008547
4102.65798	0.8547008547
4116.85398	0.8302808303
4131.04998	0.8058608059
4145.24598	0.8547008547
4159.44198	0.8058608059
4173.63798	0.8058608059
4187.83398	0.8058608059
4202.02998	0.7814407814
4216.22598	0.757020757
4230.42198	0.757020757
4244.61798	0.757020757
4258.81398	0.757020757
4273.00998	0.757020757
4287.20598	0.7326007326
4301.40198	0.7081807082
4315.59798	0.7081807082
4329.79398	0.7326007326
4343.98998	0.6837606838
4358.18598	0.7081807082
4372.38198	0.6837606838
4386.57798	0.7081807082
4400.77398	0.6593406593
4414.96998	0.6349206349
4429.16598	0.6349206349
4443.36198	0.6349206349
4457.55798	0.6349206349
4471.75398	0.6349206349
4485.94998	0.6349206349
4500.14598	0.6105006105
4514.34198	0.6105006105
4528.53798	0.5616605617
4542.73398	0.5860805861
4556.92998	0.5616605617
4571.12598	0.6105006105
4585.32198	0.5616605617
4599.51798	0.5372405372
4613.71398	0.5616605617
4627.90998	0.5616605617
4642.10598	0.5128205128
4656.30198	0.5128205128
4670.49798	0.5616605617
4684.69398	0.5372405372
4698.88998	0.5128205128
4713.08598	0.5372405372
4727.28198	0.5128205128
4741.47798	0.5128205128
4755.67398	0.5128205128
4769.86998	0.5128205128
4784.06598	0.5128205128
4798.26198	0.4884004884
4812.45798	0.4884004884
4826.65398	0.4884004884
4840.84998	0.4884004884
4855.04598	0.463980464
4869.24198	0.463980464
4883.43798	0.463980464
4897.63398	0.4884004884
4911.82998	0.463980464
4926.02598	0.463980464
4940.22198	0.463980464
4954.41798	0.4395604396
4968.61398	0.4395604396
4982.80998	0.463980464
4997.00598	0.4151404151
5011.20198	0.4151404151
5025.39798	0.4151404151
5039.59398	0.4151404151
5053.78998	0.4151404151
5067.98598	0.4151404151
5082.18198	0.4151404151
5096.37798	0.3907203907
5110.57398	0.4151404151
5124.76998	0.3907203907
5138.96598	0.4151404151
5153.16198	0.3907203907
5167.35798	0.3907203907
5181.55398	0.3663003663
5195.74998	0.3907203907
5209.94598	0.3907203907
5224.14198	0.3663003663
5238.33798	0.3907203907
5252.53398	0.3907203907
5266.72998	0.3907203907
5280.92598	0.3174603175
5295.12198	0.3663003663
5309.31798	0.3663003663
5323.51398	0.3418803419
5337.70998	0.3663003663
5351.90598	0.3663003663
5366.10198	0.3418803419
5380.29798	0.3663003663
5394.49398	0.3663003663
5408.68998	0.3418803419
5422.88598	0.3418803419
5437.08198	0.3418803419
5451.27798	0.3418803419
5465.47398	0.3418803419
5479.66998	0.3418803419
5493.86598	0.3418803419
5508.06198	0.3418803419
5522.25798	0.3663003663
5536.45398	0.3174603175
5550.64998	0.3174603175
5564.84598	0.3174603175
5579.04198	0.3174603175
5593.23798	0.3418803419
5607.43398	0.3174603175
5621.62998	0.293040293
5635.82598	0.3174603175
5650.02198	0.293040293
5664.21798	0.3418803419
5678.41398	0.3174603175
5692.60998	0.293040293
5706.80598	0.3174603175
5721.00198	0.293040293
5735.19798	0.3174603175
5749.39398	0.3174603175
5763.58998	0.293040293
5777.78598	0.293040293
5791.98198	0.3174603175
5806.17798	0.293040293
5820.37398	0.293040293
5834.56998	0.293040293
5848.76598	0.3174603175
5862.96198	0.2686202686
5877.15798	0.293040293
5891.35398	0.2686202686
5905.54998	0.293040293
5919.74598	0.2686202686
5933.94198	0.2686202686
5948.13798	0.293040293
5962.33398	0.2686202686
5976.52998	0.2686202686
5990.72598	0.2686202686
6004.92198	0.2686202686
6019.11798	0.293040293
6033.31398	0.2686202686
6047.50998	0.2686202686
6061.70598	0.2686202686
6075.90198	0.2442002442
6090.09798	0.2686202686
6104.29398	0.2686202686
6118.48998	0.2442002442
6132.68598	0.2442002442
6146.88198	0.2686202686
6161.07798	0.2442002442
6175.27398	0.2442002442
6189.46998	0.2686202686
6203.66598	0.2686202686
6217.86198	0.2197802198
6232.05798	0.2686202686
6246.25398	0.2442002442
6260.44998	0.2442002442
6274.64598	0.2686202686
6288.84198	0.2197802198
6303.03798	0.2686202686
6317.23398	0.2197802198
6331.42998	0.2686202686
6345.62598	0.2442002442
6359.82198	0.2197802198
6374.01798	0.2442002442
6388.21398	0.2686202686
6402.40998	0.2686202686
6416.60598	0.2197802198
6430.80198	0.2197802198
6444.99798	0.2197802198
6459.19398	0.1953601954
6473.38998	0.2197802198
6487.58598	0.2197802198
6501.78198	0.2442002442
6515.97798	0.2442002442
6530.17398	0.2197802198
6544.36998	0.2197802198
6558.56598	0.2442002442
6572.76198	0.1953601954
6586.95798	0.2442002442
6601.15398	0.2442002442
6615.34998	0.2197802198
6629.54598	0.2197802198
6643.74198	0.2442002442
6657.93798	0.2197802198
6672.13398	0.2197802198
6686.32998	0.2197802198
6700.52598	0.2442002442
6714.72198	0.2197802198
6728.91798	0.2442002442
6743.11398	0.2197802198
6757.30998	0.2442002442
6771.50598	0.2197802198
6785.70198	0.1953601954
6799.89798	0.2442002442
6814.09398	0.2442002442
6828.28998	0.2197802198
6842.48598	0.2197802198
6856.68198	0.2197802198
6870.87798	0.2197802198
6885.07398	0.2197802198
6899.26998	0.2442002442
6913.46598	0.2197802198
6927.66198	0.2197802198
6941.85798	0.2197802198
6956.05398	0.2442002442
6970.24998	0.1953601954
6984.44598	0.2197802198
6998.64198	0.1953601954
7012.83798	0.2197802198
7027.03398	0.1953601954
7041.22998	0.2442002442
7055.42598	0.2197802198
7069.62198	0.2197802198
7083.81798	0.2197802198
7098.01398	0.2197802198
7112.20998	0.1953601954
7126.40598	0.1953601954
7140.60198	0.2442002442
7154.79798	0.1953601954
7168.99398	0.1953601954
7183.18998	0.2197802198
7197.38598	0.2197802198
7211.58198	0.2197802198
7225.77798	0.2197802198
7239.97398	0.2197802198
7254.16998	0.2197802198
7268.36598	0.1953601954
